# Elapsed time   CPU (%)     Real (MB)   Virtual (MB)
       0.000        0.000       11.867        7.035
       0.006        0.000       12.746       10.180
       0.006        0.000       13.500       11.289
       0.016        0.000       13.742       11.332
       0.016        0.000       13.762       11.332
       0.016      104.200       13.871       11.332
       0.032        0.000       13.902       11.340
       0.032       97.700       15.355       11.574
       0.044        0.000       15.656       11.656
       0.048        0.000       15.656       11.656
       0.048        0.000       15.656       11.656
       0.048        0.000       15.656       11.656
       0.066        0.000       15.656       11.656
       0.066        0.000       15.656       11.656
       0.066        0.000       15.656       11.656
       0.080        0.000       15.656       11.656
       0.080        0.000       15.699       11.656
       0.097        0.000       16.086       11.723
       0.097        0.000       17.746       11.836
       0.111        0.000       17.746       11.836
       0.111        0.000       17.746       11.836
       0.111        0.000       17.762       11.836
       0.128        0.000       18.293       11.941
       0.134        0.000       18.293       11.941
       0.134      104.200       18.324       11.941
       0.143        0.000       18.332       10.949
       0.143        0.000       18.332       10.949
       0.143        0.000       18.332       10.949
       0.159        0.000       18.332       10.949
       0.159        0.000       18.332       10.949
       0.175        0.000       18.332       10.949
       0.175        0.000       18.332       10.949
       0.175        0.000       18.332       10.949
       0.191        0.000       18.332       10.949
       0.191        0.000       18.332       10.949
       0.191        0.000       18.332       10.949
       0.191        0.000       18.332       10.949
       0.206        0.000       18.332       10.949
       0.206        0.000       18.332       10.949
       0.206        0.000       18.332       10.949
       0.206        0.000       18.332       10.949
       0.206        0.000       18.332       10.949
       0.222        0.000       18.332       10.949
       0.222        0.000       18.332       10.949
       0.222        0.000       18.332       10.949
       0.222        0.000       18.332       10.949
       0.239        0.000       18.332       10.949
       0.239        0.000       18.332       10.949
       0.239        0.000       18.332       10.949
       0.239        0.000       18.332       10.949
       0.254        0.000       18.332       10.949
       0.254        0.000       18.332       10.949
       0.266        0.000       18.332       10.949
       0.270        0.000       18.332       10.949
       0.270        0.000       18.332       10.949
       0.270        0.000       18.332       10.949
       0.285        0.000       18.332       10.949
       0.285        0.000       18.332       10.949
       0.301        0.000       18.332       10.949
       0.305        0.000       18.332       10.949
       0.310        0.000       18.332       10.949
       0.317        0.000       18.332       10.949
       0.333        0.000       18.332       10.949
       0.349        0.000       18.332       10.949
       0.349        0.000       18.332       10.949
       0.365        0.000       18.332       10.949
       0.366        0.000       18.332       10.949
       0.366        0.000       18.332       10.949
       0.382        0.000       18.332       10.949
       0.382        0.000       18.332       10.949
       0.413        0.000       18.332       10.949
       0.429        0.000       18.332       10.949
       0.445        0.000       18.332       10.949
       0.448        0.000       18.332       10.949
       0.448        0.000       18.332       10.949
       0.461        0.000       18.332       10.949
       0.466        0.000       18.332       10.949
       0.466        0.000       18.332       10.949
       0.478        0.000       18.332       10.949
       0.478        0.000       18.332       10.949
       0.492        0.000       18.332       10.949
       0.492        0.000       18.332       10.949
       0.492        0.000       18.332       10.949
       0.492        0.000       18.332       10.949
       0.508        0.000       18.332       10.949
       0.508        0.000       18.332       10.949
       0.517        0.000       18.332       10.949
       0.517        0.000       18.332       10.949
       0.525        0.000       18.332       10.949
       0.535        0.000       18.332       10.949
       0.542        0.000       18.332       10.949
       0.549        0.000       18.332       10.949
       0.549        0.000       18.332       10.949
       0.558        0.000       18.332       10.949
       0.566        0.000       18.332       10.949
       0.632        0.000       18.332       10.949
       0.645        0.000       18.332       10.949
       0.659        0.000       18.332       10.949
       0.668        0.000       18.332       10.949
       0.676        0.000       18.332       10.949
       0.691        0.000       18.332       10.949
       0.697        0.000       18.332       10.949
       0.703        0.000       18.332       10.949
       0.713        0.000       18.332       10.949
       0.717        0.000       18.332       10.949
       0.728        0.000       18.332       10.949
       0.755        0.000       18.332       10.949
       0.771        0.000       18.332       10.949
       0.771        0.000       18.332       10.949
       0.786        0.000       18.332       10.949
       0.793        0.000       18.332       10.949
       0.802        0.000       18.332       10.949
       0.813        0.000       18.332       10.949
       0.822        0.000       18.332       10.949
       0.822        0.000       18.332       10.949
       0.834        0.000       18.332       10.949
       0.834        0.000       18.332       10.949
       0.834        0.000       18.332       10.949
       0.834        0.000       18.332       10.949
       0.850        0.000       18.332       10.949
       0.850        0.000       18.332       10.949
       0.866        0.000       18.332       10.949
       0.866        0.000       18.332       10.949
       0.866        0.000       18.332       10.949
       0.882        0.000       18.332       10.949
       0.882        0.000       18.332       10.949
       0.882        0.000       18.332       10.949
       0.899        0.000       18.332       10.949
       0.899        0.000       18.332       10.949
       0.914        0.000       18.332       10.949
       0.914        0.000       18.332       10.949
       0.914        0.000       18.332       10.949
       0.929        0.000       18.332       10.949
       0.929        0.000       18.332       10.949
       0.929        0.000       18.332       10.949
       0.929        0.000       18.332       10.949
       0.946        0.000       18.332       10.949
       0.946        0.000       18.332       10.949
       0.946        0.000       18.332       10.949
       0.973        0.000       18.332       10.949
       0.993        0.000       18.332       10.949
       1.017        0.000       18.332       10.949
       1.017        0.000       18.332       10.949
       1.024        0.000       18.332       10.949
       1.040        0.000       18.332       10.949
       1.050        0.000       18.332       10.949
       1.056        0.000       18.332       10.949
       1.067        0.000       18.332       10.949
       1.071        0.000       18.332       10.949
       1.071        0.000       18.332       10.949
       1.089        0.000       18.332       10.949
       1.103        0.000       18.332       10.949
       1.103        0.000       18.332       10.949
       1.119        0.000       18.332       10.949
       1.119        0.000       18.332       10.949
       1.119        0.000       18.332       10.949
       1.135        0.000       18.332       10.949
       1.135        0.000       18.332       10.949
       1.135        0.000       18.332       10.949
       1.135        0.000       18.332       10.949
       1.151        0.000       18.332       10.949
       1.151        0.000       18.332       10.949
       1.151        0.000       18.332       10.949
       1.151        0.000       18.332       10.949
       1.151        0.000       18.332       10.949
       1.167        0.000       18.332       10.949
       1.167        0.000       18.332       10.949
       1.167        0.000       18.332       10.949
       1.183        0.000       18.332       10.949
       1.183        0.000       18.332       10.949
       1.183        0.000       18.332       10.949
       1.183        0.000       18.332       10.949
       1.199        0.000       18.332       10.949
       1.199        0.000       18.332       10.949
       1.199        0.000       18.332       10.949
       1.199        0.000       18.332       10.949
       1.215        0.000       18.332       10.949
       1.215        0.000       18.332       10.949
       1.215        0.000       18.332       10.949
       1.215        0.000       18.332       10.949
       1.232        0.000       18.332       10.949
       1.232        0.000       18.332       10.949
       1.232        0.000       18.332       10.949
       1.246        0.000       18.332       10.949
       1.246        0.000       18.332       10.949
       1.246        0.000       18.332       10.949
       1.246        0.000       18.332       10.949
       1.262        0.000       18.332       10.949
       1.267        0.000       18.332       10.949
       1.267        0.000       18.332       10.949
       1.267        0.000       18.332       10.949
       1.278        0.000       18.332       10.949
       1.278        0.000       18.332       10.949
       1.278        0.000       18.332       10.949
       1.294        0.000       18.332       10.949
       1.294        0.000       18.332       10.949
       1.294        0.000       18.332       10.949
       1.311        0.000       18.332       10.949
       1.311        0.000       18.332       10.949
       1.311        0.000       18.332       10.949
       1.327        0.000       18.332       10.949
       1.332        0.000       18.332       10.949
       1.337        0.000       18.332       10.949
       1.342        0.000       18.332       10.949
       1.342        0.000       18.332       10.949
       1.342        0.000       18.332       10.949
       1.361        0.000       18.332       10.949
       1.367        0.000       18.332       10.949
       1.367        0.000       18.332       10.949
       1.374        0.000       18.332       10.949
       1.390        0.000       18.332       10.949
       1.390        0.000       18.332       10.949
       1.390        0.000       18.332       10.949
       1.406        0.000       18.332       10.949
       1.406        0.000       18.332       10.949
       1.415        0.000       18.332       10.949
       1.415        0.000       18.332       10.949
       1.422        0.000       18.332       10.949
       1.422        0.000       18.332       10.949
       1.422        0.000       18.332       10.949
       1.438        0.000       18.332       10.949
       1.438        0.000       18.332       10.949
       1.438        0.000       18.332       10.949
       1.438        0.000       18.332       10.949
       1.453        0.000       18.332       10.949
       1.453        0.000       18.332       10.949
       1.453        0.000       18.332       10.949
       1.469        0.000       18.332       10.949
       1.469        0.000       18.332       10.949
       1.469        0.000       18.332       10.949
       1.469        0.000       18.332       10.949
       1.485        0.000       18.332       10.949
       1.485        0.000       18.332       10.949
       1.485        0.000       18.332       10.949
       1.500        0.000       18.332       10.949
       1.500        0.000       18.332       10.949
       1.500        0.000       18.332       10.949
       1.500        0.000       18.332       10.949
       1.516        0.000       18.332       10.949
       1.516        0.000       18.332       10.949
       1.516        0.000       18.332       10.949
       1.532        0.000       18.332       10.949
       1.532        0.000       18.332       10.949
       1.532        0.000       18.332       10.949
       1.532        0.000       18.332       10.949
       1.549        0.000       18.332       10.949
       1.549        0.000       18.332       10.949
       1.549        0.000       18.332       10.949
       1.549        0.000       18.332       10.949
       1.567        0.000       18.332       10.949
       1.567        0.000       18.332       10.949
       1.567        0.000       18.332       10.949
       1.579        0.000       18.332       10.949
       1.579        0.000       18.332       10.949
       1.579        0.000       18.332       10.949
       1.595        0.000       18.332       10.949
       1.595        0.000       18.332       10.949
       1.595        0.000       18.332       10.949
       1.595        0.000       18.332       10.949
       1.611        0.000       18.332       10.949
       1.611        0.000       18.332       10.949
       1.611        0.000       18.332       10.949
       1.628        0.000       18.332       10.949
       1.628        0.000       18.332       10.949
       1.628        0.000       18.332       10.949
       1.648        0.000       18.332       10.949
       1.648        0.000       18.332       10.949
       1.659        0.000       18.332       10.949
       1.668        0.000       18.332       10.949
       1.675        0.000       18.332       10.949
       1.675        0.000       18.332       10.949
       1.675        0.000       18.332       10.949
       1.690        0.000       18.332       10.949
       1.690        0.000       18.332       10.949
       1.690        0.000       18.332       10.949
       1.706        0.000       18.332       10.949
       1.706        0.000       18.332       10.949
       1.706        0.000       18.332       10.949
       1.722        0.000       18.332       10.949
       1.722        0.000       18.332       10.949
       1.732        0.000       18.332       10.949
       1.738        0.000       18.332       10.949
       1.738        0.000       18.332       10.949
       1.738        0.000       18.332       10.949
       1.753        0.000       18.332       10.949
       1.753        0.000       18.332       10.949
       1.767        0.000       18.332       10.949
       1.770        0.000       18.332       10.949
       1.770        0.000       18.332       10.949
       1.770        0.000       18.332       10.949
       1.785        0.000       18.332       10.949
       1.785        0.000       18.332       10.949
       1.785        0.000       18.332       10.949
       1.801        0.000       18.332       10.949
       1.801        0.000       18.332       10.949
       1.801        0.000       18.332       10.949
       1.801        0.000       18.332       10.949
       1.817        0.000       18.332       10.949
       1.817        0.000       18.332       10.949
       1.817        0.000       18.332       10.949
       1.834        0.000       18.332       10.949
       1.834        0.000       18.332       10.949
       1.834        0.000       18.332       10.949
       1.834        0.000       18.332       10.949
       1.848        0.000       18.332       10.949
       1.848        0.000       18.332       10.949
       1.848        0.000       18.332       10.949
       1.865        0.000       18.332       10.949
       1.867        0.000       18.332       10.949
       1.867        0.000       18.332       10.949
       1.867        0.000       18.332       10.949
       1.881        0.000       18.332       10.949
       1.881        0.000       18.332       10.949
       1.881        0.000       18.332       10.949
       1.881        0.000       18.332       10.949
       1.896        0.000       18.332       10.949
       1.896        0.000       18.332       10.949
       1.896        0.000       18.332       10.949
       1.913        0.000       18.332       10.949
       1.913        0.000       18.332       10.949
       1.913        0.000       18.332       10.949
       1.913        0.000       18.332       10.949
       1.928        0.000       18.332       10.949
       1.928        0.000       18.332       10.949
       1.928        0.000       18.332       10.949
       1.928        0.000       18.332       10.949
       1.945        0.000       18.332       10.949
       1.945        0.000       18.332       10.949
       1.945        0.000       18.332       10.949
       1.960        0.000       18.332       10.949
       1.967        0.000       18.332       10.949
       1.967        0.000       18.332       10.949
       1.976        0.000       18.332       10.949
       1.976        0.000       18.332       10.949
       1.976        0.000       18.332       10.949
       1.976        0.000       18.332       10.949
       1.992        0.000       18.332       10.949
       1.992        0.000       18.332       10.949
       1.992        0.000       18.332       10.949
       2.007        0.000       18.332       10.949
       2.007        0.000       18.332       10.949
       2.007        0.000       18.332       10.949
       2.024        0.000       18.332       10.949
       2.024        0.000       18.332       10.949
       2.033        0.000       18.332       10.949
       2.039        0.000       18.332       10.949
       2.039        0.000       18.332       10.949
       2.039        0.000       18.332       10.949
       2.039        0.000       18.332       10.949
       2.055        0.000       18.332       10.949
       2.055        0.000       18.332       10.949
       2.067        0.000       18.332       10.949
       2.071        0.000       18.332       10.949
       2.071        0.000       18.332       10.949
       2.071        0.000       18.332       10.949
       2.086        0.000       18.332       10.949
       2.086        0.000       18.332       10.949
       2.086        0.000       18.332       10.949
       2.086        0.000       18.332       10.949
       2.102        0.000       18.332       10.949
       2.102        0.000       18.332       10.949
       2.102        0.000       18.332       10.949
       2.102        0.000       18.332       10.949
       2.118        0.000       18.332       10.949
       2.118        0.000       18.332       10.949
       2.118        0.000       18.332       10.949
       2.118        0.000       18.332       10.949
       2.133        0.000       18.332       10.949
       2.133        0.000       18.332       10.949
       2.133        0.000       18.332       10.949
       2.133        0.000       18.332       10.949
       2.149        0.000       18.332       10.949
       2.149        0.000       18.332       10.949
       2.156        0.000       18.332       10.949
       2.156        0.000       18.332       10.949
       2.165        0.000       18.332       10.949
       2.168        0.000       18.332       10.949
       2.168        0.000       18.332       10.949
       2.187        0.000       18.332       10.949
       2.187        0.000       18.332       10.949
       2.187        0.000       18.332       10.949
       2.199        0.000       18.332       10.949
       2.199        0.000       18.332       10.949
       2.199        0.000       18.332       10.949
       2.216        0.000       18.332       10.949
       2.216        0.000       18.332       10.949
       2.216        0.000       18.332       10.949
       2.229        0.000       18.332       10.949
       2.229        0.000       18.332       10.949
       2.229        0.000       18.332       10.949
       2.244        0.000       18.332       10.949
       2.244        0.000       18.332       10.949
       2.244        0.000       18.332       10.949
       2.244        0.000       18.332       10.949
       2.260        0.000       18.332       10.949
       2.268        0.000       18.332       10.949
       2.268        0.000       18.332       10.949
       2.276        0.000       18.332       10.949
       2.276        0.000       18.332       10.949
       2.276        0.000       18.332       10.949
       2.292        0.000       18.332       10.949
       2.292        0.000       18.332       10.949
       2.292        0.000       18.332       10.949
       2.292        0.000       18.332       10.949
       2.308        0.000       18.332       10.949
       2.308        0.000       18.332       10.949
       2.308        0.000       18.332       10.949
       2.323        0.000       18.332       10.949
       2.323        0.000       18.332       10.949
       2.323        0.000       18.332       10.949
       2.323        0.000       18.332       10.949
       2.340        0.000       18.332       10.949
       2.340        0.000       18.332       10.949
       2.340        0.000       18.332       10.949
       2.355        0.000       18.332       10.949
       2.355        0.000       18.332       10.949
       2.355        0.000       18.332       10.949
       2.368        0.000       18.332       10.949
       2.371        0.000       18.332       10.949
       2.371        0.000       18.332       10.949
       2.371        0.000       18.332       10.949
       2.387        0.000       18.332       10.949
       2.387        0.000       18.332       10.949
       2.387        0.000       18.332       10.949
       2.403        0.000       18.332       10.949
       2.403        0.000       18.332       10.949
       2.415        0.000       18.332       10.949
       2.418        0.000       18.332       10.949
       2.418        0.000       18.332       10.949
       2.418        0.000       18.332       10.949
       2.434        0.000       18.332       10.949
       2.434        0.000       18.332       10.949
       2.434        0.000       18.332       10.949
       2.450        0.000       18.332       10.949
       2.450        0.000       18.332       10.949
       2.450        0.000       18.332       10.949
       2.450        0.000       18.332       10.949
       2.468        0.000       18.332       10.949
       2.468        0.000       18.332       10.949
       2.481        0.000       18.332       10.949
